16 1441 0
-416 1344 1
649 1663 2
-216 -458 3
718 453 4
-1151 -772 5
351 -1339 6
57 1597 7
568 -334 8
-1511 -1255 9
-1622 214 10
-36 -292 11
-1409 106 12
-853 513 13
1498 937 14
1846 -5 15
1537 50 16
-253 -1082 17
1172 929 18
-756 23 19
155 -81 20
-1333 1354 21
512 -127 22
-1595 1167 23
-866 1363 24
-68 -1009 25
-863 602 26
-615 668 27
1312 513 28
174 -94 29
374 633 30
-401 -1844 31
-1098 1501 32
753 -749 33
866 1524 34
186 178 35
945 1662 36
1127 -1247 37
1086 -666 38
-1420 -1225 39
-1286 1196 40
-451 -237 41
1594 912 42
-263 880 43
-658 985 44
70 118 45
781 510 46
-769 -669 47
643 -1639 48
-514 621 49
-1928 488 50
-1185 439 51
1422 -1320 52
1663 -1 53
1811 264 54
465 790 55
127 -613 56
-1782 360 57
-356 -1037 58
1509 637 59
-552 492 60
-1436 521 61
506 -1865 62
-1556 -971 63
-456 -1566 64
469 1662 65
1693 -815 66
-626 -951 67
-549 432 68
-1798 534 69
1646 412 70
-1848 263 71
-561 -1722 72
383 -621 73
246 1165 74
10 1315 75
-817 -771 76
-1006 -358 77
-262 -357 78
-1100 160 79
1125 260 80
-1330 172 81
-231 -850 82
301 -1583 83
609 590 84
-13 -211 85
1422 -1179 86
-139 -1459 87
930 -1132 88
-1123 1414 89
-191 -208 90
-64 1559 91
-253 -1970 92
-107 233 93
411 -1156 94
791 339 95
1873 335 96
1857 -276 97
1388 1145 98
855 1562 99
