-494 -988 1
-1343 -2714 2
1912 -4480 3
-1418 -1189 4
-1743 3928 5
1873 -1389 6
-443 -4894 7
-2385 1924 8
574 -448 9
-2453 -1473 10
514 -3326 11
-3481 1224 12
-3416 881 13
635 4891 14
-667 -4289 15
2527 3785 16
-2955 1201 17
-197 925 18
4459 -1850 19
-1267 -259 20
-3693 -1186 21
-3346 1227 22
-446 2428 23
977 -2336 24
1065 820 25
-1568 -626 26
-2197 3751 27
-990 -2323 28
2573 1216 29
-578 4125 30
-1402 313 31
-4084 -1248 32
-4475 168 33
1572 -614 34
-3916 -1544 35
4292 155 36
-1517 3179 37
1482 2517 38
-2660 -661 39
-2713 -960 40
-696 4577 41
2019 4560 42
1543 930 43
-1407 -2734 44
3348 3085 45
-3204 -2496 46
-2379 1916 47
1304 1252 48
3669 -881 49
-3124 3797 50
-629 573 51
-3173 -192 52
2123 -2409 53
-685 3201 54
-2073 3317 55
-3257 -111 56
-1742 -2496 57
1126 -2354 58
310 3005 59
947 38 60
-1077 -4051 61
-1054 4295 62
2962 -3867 63
3727 -2940 64
-2897 2787 65
4007 -2295 66
-658 3645 67
-1530 3835 68
-1705 107 69
1537 1118 70
2177 3479 71
2397 -3018 72
-939 -1319 73
-3951 539 74
4075 -1230 75
4641 -1392 76
-4036 -1250 77
413 -3840 78
3423 -1101 79
-438 2953 80
-1490 3834 81
-1019 2749 82
1669 -1881 83
-3455 -3412 84
2062 804 85
1939 1735 86
2651 -4113 87
1596 559 88
-3210 -927 89
-1861 -1884 90
3786 2350 91
-2704 1912 92
-1994 -437 93
2579 -908 94
-3765 2260 95
-1128 -2276 96
1658 2956 97
2886 -1498 98
1570 -4040 99
-2303 1209 100
